5490
5302
8471
8114
3457
3324
8886
2268
185
1363
7097
8781
8966
8499
8142
9016
9331
539
245
556
1781
3391
1498
7881
6425
9637
2612
31
9076
251
3229
7001
613
6295
5993
3749
662
2674
1547
2673
3034
8645
958
2192
4676
4993
8811
1813
5237
8685
8363
3177
6689
6084
3647
6704
2058
7978
8502
1091
8299
3938
8268
4506
9838
748
9042
5699
9795
3397
5292
954
7268
3909
2007
5884
8398
9552
6362
3616
559
9766
3705
5181
1868
4497
7188
7331
391
2298
18
4139
5189
5907
8877
7474
3869
7035
8199
3214
4396
1584
8981
1408
4809
842
8965
187
729
775
7951
6681
4877
2342
8394
9062
1555
2062
6984
9055
8208
9346
3520
2204
2166
7353
5743
6589
2985
7985
525
1433
6298
2102
5488
3454
734
5014
3217
2030
1822
1959
4729
2819
5272
5132
4254
3966
9828
894
1752
9020
4697
2377
9284
3645
7820
2345
9330
3067
657
4080
3515
6786
5639
8955
174
6882
4319
1293
3653
2533
1894
2994
8625
9735
2206
1113
7590
7526
6978
5981
5991
9903
3445
8839
3655
1881
946
5899
6825
4421
4225
6145
2774
614
3798
1133
7341
258
1507
8795
1299
4291
9131
4930
4039
2447
36
9663
7702
7776
3793
1569
1973
3212
3431
9863
9623
8746
8030
4304
9536
7681
7810
7931
4145
4554
7304
6824
7963
1872
2998
3924
8784
2946
7037
8628
2438
4681
5997
6051
6404
7373
6632
4269
1905
7311
4271
8518
1967
5513
4046
3533
7720
9717
286
4758
8244
5766
1458
2082
6599
4394
2939
8663
1292
2922
7611
1470
1445
7062
7952
9799
8374
5004
497
2151
235
8258
4896
118
2219
7633
6716
6881
9705
9600
6629
4985
8918
4424
2235
2923
131
9718
5777
1087
8359
4085
6379
9752
1645
8767
4115
6296
8493
2234
6917
1977
9732
5714
1734
4560
5683
9598
3848
3299
3094
7781
4431
6492
2236
2938
4900
1031
9488
4490
5206
8892
3630
7250
3264
1136
4722
2015
4105
1343
7660
9166
9367
8798
9993
1131
4289
2572
6780
2066
8358
8816
6384
8809
370
4038
3464
1833
5755
4173
7749
3756
1586
7379
7786
1065
6474
587
4563
1608
2180
4653
4564
4893
2731
6954
2403
7021
9626
7389
3740
8815
7363
7473
7185
3811
4544
75
7578
9004
8459
307
4790
3240
5518
1970
8575
6617
6783
1682
7295
6130
6833
3547
6065
8670
5736
6305
9265
3109
8395
7821
6931
4909
8172
8603
7396
1844
1178
1744
2755
1791
7600
3163
332
3223
6466
9355
2046
4863
4390
7748
9181
5600
7566
4016
9497
975
9201
1639
9182
5939
9989
3267
4779
1490
1659
1961
2271
8720
4101
6607
1958
4607
419
721
3762
2019
1477
6477
1948
2464
6022
8370
7504
3782
4418
9231
4372
3717
8631
4981
8467
9011
2856
5520
8448
2455
6598
9707
7596
1793
1081
9657
1631
1777
473
7075
6289
4441
9538
8061
5229
3466
4843
3638
8565
214
3147
4449
3377
5844
189
4426
1298
390
360
9381
5625
6182
9621
8676
3513
7218
1147
5987
8972
1219
6355
1511
1307
2793
6286
7298
9650
3172
4527
5573
1265
1123
6506
5601
62
1179
1842
2476
6136
1057
6184
4106
5870
9786
7964
1448
4259
4675
13
3087
7516
5399
7889
4129
2728
3790
1204
6449
8227
5804
8450
5658
4660
732
6572
6501
758
7401
9285
6759
2157
1248
3044
2812
3841
3088
7512
1812
8566
1424
9866
8667
6760
7906
2445
7819
7563
1358
6815
3303
5547
3100
8283
6515
4547
1792
8610
2124
5549
2847
3766
7451
509
1525
8687
911
3622
5201
1185
8350
5668
7340
5122
7640
3310
6324
424
1224
619
9363
848
6611
4109
5820
5165
5320
9685
6017
1665
2560
675
8922
4300
6013
1750
7794
6844
5786
9310
2013
3763
9548
6448
3779
112
9151
208
1440
2607
1678
637
8311
303
3307
7138
8295
2794
4654
9083
9236
605
6528
8021
7777
7020
822
8692
6596
7212
4513
7913
3539
7286
9747
7518
6172
9885
8487
5208
8092
6348
1621
8109
122
72
6488
228
5184
9099
4093
2803
8054
9392
6850
4575
674
1667
1020
2367
2552
5064
6655
4077
9756
4040
2980
1860
2005
1851
310
9288
5193
7554
169
388
6211
2890
7126
7915
7476
661
8175
6536
3999
3706
5322
5234
2593
1553
8131
2193
1626
5846
4895
3411
1077
8449
1632
6561
9457
5516
8584
7607
6737
7262
499
1267
6698
9216
2456
8482
2280
4630
5091
337
3420
8961
8589
4665
5491
9861
5942
7746
9821
2546
6259
1443
5682
7370
8413
3589
5355
346
6126
2659
2275
1369
4425
5747
4661
8233
2242
6437
437
6150
353
7472
7521
6468
3261
7686
3629
2498
9809
7400
3008
478
6556
8738
6109
8669
8166
9257
6168
7851
7966
5823
2831
1737
6416
980
6693
3976
7761
7275
234
5131
3131
9716
3096
3448
610
9889
9916
5459
1024
60
8929
1859
7632
2835
1889
2833
4996
4577
5370
2979
162
2224
2580
4192
3778
4338
524
4288
1453
9240
5990
4837
1849
8694
5826
2800
8249
9158
4375
3119
1992
5847
9177
9631
3186
3120
6001
413
3567
107
2895
4982
3635
202
1202
6156
5099
3329
8433
8562
9664
1888
44
4552
1874
7155
6828
9146
1109
1154
2111
3663
7977
2161
9653
6981
8718
806
6579
1574
528
8015
9313
881
5637
3102
6937
8441
3618
5077
3721
6758
6167
2417
3269
1239
9736
9234
6991
2089
7957
1588
6721
6838
1997
2165
6644
1473
4530
4753
7005
6387
8108
451
2282
959
8088
4801
8457
6454
4652
6273
3694
2278
896
9675
7029
4287
420
3937
5315
3287
9417
6367
415
7971
1882
2473
3124
4725
2489
9311
4858
354
7773
3451
4529
9422
7384
8076
5945
2150
5578
9241
6193
3012
944
3434
9033
1823
1128
1727
8787
1841
2171
6949
3156
4420
1484
7008
9502
1693
3953
6730
6647
6720
8282
1916
5039
130
5689
8264
3081
4180
3419
905
6916