8947
1090
5546
2261
1147
9546
2336
1508
1506
1694
9324
1873
9681
4387
540
6244
6365
8381
8480
7173
8234
4249
2807
5066
9221
4375
3089
8153
3291
4630
4639
7456
2725
6151
9665
413
716
7939
7893
6534
7766
4422
3758
322
3038
331
3040
7518
7111
2209
8121
2601
2672
8284
575
9615
9596
530
1463
8009
5943
4162
2109
6624
1494
6198
6195
3083
2739
7055
5165
9389
1919
5135
2806
1564
1550
2855
3378
6806
8963
1784
620
390
4603
958
2808
3178
9184
5307
2464
5027
3478
2231
6119
2865
7235
8460
7619
5772